1.737636 45.125935
1.949079 24.565901
1.646088 128.677948
0.758157 30.036695
0.255742 -36.963417
2.829635 15.893938
1.837782 38.254665
0.794198 32.428101
2.829227 9.809179
0.608919 24.755337
1.939364 41.674370
2.119928 6.842184
1.755936 16.659437
0.044173 6.353813
1.541859 36.923962
0.570614 21.548710
1.547459 44.926220
0.774146 27.460772
1.550737 43.262070
2.758178 15.641448
0.613275 -33.605053
0.782734 30.090181
1.360504 46.253155
0.507716 2.984964
3.117818 3.200456
3.058972 -24.154810
1.764867 43.169529
1.762967 47.835197
0.061539 -16.623064
1.461506 -35.312160
1.821056 96.659714
1.589853 73.905251
1.172805 39.305569
2.853832 13.189534
0.685604 27.422194
2.210228 38.333973
2.679726 20.959145
2.703671 66.845604
0.469610 23.238304
2.060414 37.418839
0.384777 14.560304
1.022401 39.257671
2.418274 31.168251
3.048998 3.236281
1.859619 42.981613
2.045271 36.198738
2.397095 211.532791
2.440752 26.725758
0.069528 2.486954
0.943608 105.375809
1.644543 122.987366
2.888503 49.304878
3.009992 6.238887
2.487184 -78.546097
0.539512 23.533634
2.729463 17.790625
1.528515 41.033890
2.175624 22.098419
0.377276 19.150459
2.561750 26.183033
1.114711 41.509575
2.880355 45.021770
1.747011 45.191837
1.666694 44.994602
0.741941 151.770767
1.660989 -19.763704
2.062393 97.439613
2.402623 -46.305042
1.448924 48.256416
1.259452 41.400826
2.645784 67.846252
0.550467 25.692890
2.612247 82.133728
2.582284 -28.329731
0.102191 -34.103073
1.321489 45.110119
1.341315 41.057194
0.940142 35.334698
2.605082 21.267618
2.080454 40.880447
1.533810 44.464619
0.767403 28.617516
0.702946 26.859697
0.552359 -10.183963
2.709869 20.288548
2.514649 9.405061
2.613536 102.163719
1.577638 45.631527
0.122697 5.837354
2.786897 35.927094
1.351483 -37.316437
2.066214 40.707127
1.821446 42.483784
2.294414 16.056585
1.867452 18.036810
1.805396 42.968330
2.697868 246.160965
1.399960 81.455002
1.235933 36.398849
1.530366 40.164181
1.529560 44.238148
0.101596 -39.884701
1.891298 44.543972
0.714810 118.984619
2.241289 36.684162
1.442166 107.447014
2.127752 41.219185
1.864740 45.883698
2.164813 36.893448
0.589489 26.080151
1.154413 41.861832
2.491196 40.765118
0.400274 18.136467
2.532063 24.117739
0.666950 69.340416
2.833402 67.028687
2.085618 37.627998
2.640793 23.929375
1.826061 41.984032
1.147329 41.506336
2.796403 -53.604660
1.896124 91.662811
2.487262 27.149813
1.341420 45.968597
2.493047 30.074615
0.240495 8.973904
3.082442 -71.038040
0.122334 40.381756
2.605160 22.239569
2.559258 22.787783
0.785253 24.885597
1.993078 42.432430
0.862515 39.808708
0.838548 132.621857
2.086765 38.504086
2.940231 10.437138
0.883866 34.101322
0.493515 -31.928545
1.114207 41.636173
2.996988 -1.870230
0.718606 31.731050
2.708033 -11.087683
2.206810 36.841560
0.315068 -66.178307
2.350873 31.787830
1.968794 63.117054
2.301819 89.626404
0.204886 27.799507
0.475253 -19.222010
2.418160 31.645882
0.631279 4.933628
0.090179 8.443879
2.988479 70.006027
0.968198 35.802998
1.692706 45.778595
1.853474 44.242779
2.152663 29.390882
0.272726 10.247711
2.584914 -49.467384
2.250248 32.106556
1.737881 205.547516
0.433965 -6.563056
2.865492 40.030201
0.911893 34.752151
2.831820 41.006535
0.890114 39.049595
2.281022 33.018768
1.310300 43.370052
0.037737 -3.635713
0.511541 25.133688
2.915788 -4.038947
2.784951 -39.355228
0.772852 106.411392
0.487607 -1.965701
0.727559 29.945707
2.415081 42.047390
1.447189 66.985031
2.277880 33.682102
2.896398 9.637184
0.743551 22.047321
2.154540 65.955475
2.409101 48.704082
2.233608 37.844971
0.648889 -17.287794
2.666750 20.972927
0.036384 -0.198531
2.162556 -6.673931
0.083681 2.347515
0.892495 36.547638
0.063779 0.453461
2.615910 20.218130
2.817011 20.518808
1.988385 40.763084
0.693424 25.804073
2.631274 23.859730
0.515639 40.742680
1.651068 11.758382
0.727107 32.921070
2.148560 36.040138
1.665866 -13.913152
2.374163 89.437340
0.012481 11.338952
2.888665 11.007074
1.421979 134.324036
0.139399 35.787601
1.532961 45.501087
2.160623 33.032093
1.810890 45.734882
2.244190 155.791229
0.699707 30.189589
2.520072 28.074718
2.583827 21.883867
1.801526 46.611053
2.375181 61.572102
1.593570 47.901142
2.598211 0.672580
2.616879 20.739897
1.665703 39.247738
1.983634 40.125298
0.651639 79.382217
0.667137 82.872795
2.029780 43.659771
1.412454 95.021690
0.392260 15.325507
2.662460 19.044922
1.036934 3.784755
1.239775 44.951775
1.321450 70.632919
2.950109 10.130567
3.014884 -32.161644
1.028434 46.203735
0.222596 -44.695679
0.176216 -44.520287
1.563090 146.711227
1.248568 11.629586
3.054262 7.701164
2.854816 -9.142176
2.800788 67.942001
1.108993 42.442223
1.487165 46.074478
0.983036 39.069439
2.893764 12.860076
2.159915 35.053612
2.430738 28.610023
2.563534 23.294010
1.810857 44.902332
1.465703 45.756077
1.554732 43.677147
2.668861 18.559988
2.286092 33.615742
1.610963 42.936298
0.472178 7.631910
1.257621 -93.084724
1.986369 76.617355
2.787732 16.236483
1.693667 45.533024
1.399928 -21.747503
2.456049 27.014887
1.498764 48.097019
2.239334 35.489002
2.021643 39.848949
1.242442 45.173908
0.479724 63.498039
1.769246 52.640018
1.036717 2.152512
2.997279 6.016725
0.679436 26.470434
2.011972 46.249889
0.492009 -66.964058
0.306422 14.998060
0.384168 18.009363
2.789278 80.247482
1.683394 62.283718
0.725822 29.436586
1.023060 -45.773937
1.661792 44.350105
2.029048 42.125725
1.861684 43.025101
0.606629 22.608179
0.393505 16.451166
0.438092 -74.296158
0.972869 38.876163
0.460859 -9.226256
0.288373 15.434424
2.564051 24.489796
2.908017 13.466081
0.597668 19.940052
2.183697 112.407516
0.227384 11.383444
1.722858 41.715790
0.608472 -12.551330
0.144984 10.623474
1.369429 147.818893
1.851457 41.364513
1.637651 -49.279613
0.679541 28.812172
2.973948 21.645353
2.139213 99.513916
0.798136 24.435438
0.030857 0.554797
0.955137 38.511929
1.335714 43.440098
2.134780 134.236099
2.078721 41.323723
1.902740 42.844814
1.273416 41.409534
1.216376 61.585812
2.176084 32.881794
0.105783 -43.839443
1.578201 45.412384
1.613455 41.979969
2.802852 14.484652
1.722097 110.339569
0.038008 37.836670
1.842566 44.714108
1.522130 43.881901
2.530329 68.912628
0.143460 5.402325
2.757981 13.762581
1.646299 45.630947
2.361572 120.035767
1.259017 83.873955
0.037251 50.693604
2.579992 24.004330
0.402818 19.992579
2.393534 43.835716
0.335367 9.764828
0.039187 -0.653798
1.526129 91.201004
2.345981 93.093193
2.753265 19.751232
1.408305 43.017262
2.039952 44.392490
2.995337 12.371916
2.243297 16.967260
1.221783 -12.478418
1.573308 -14.103132
2.237877 0.898159
2.869867 -67.528381
1.998110 40.302109
0.126640 2.282902
0.774896 30.466129
1.334037 45.947247
2.132275 -141.840927
0.588328 330.311920
2.590630 25.552853
1.432696 42.949001
0.594799 66.202728
2.979851 -19.642738
0.665243 173.986359
2.593596 29.971745
2.377703 -55.991570
2.799105 22.113987
0.094456 8.099653
2.564054 -33.115570
1.129447 128.326767
1.682669 142.801880
3.092746 -1.870272
1.336998 41.889008
1.692479 94.222725
1.095813 36.223663
1.461726 44.440918
1.402257 47.042423
2.405876 27.630142
2.692790 18.763124
1.689855 71.462700
1.986895 44.701015
2.649809 -14.915216
1.303052 37.962769
1.109653 40.473835
0.731159 31.607756
2.160318 93.750687
1.486737 30.204416
1.819159 42.166965
2.923902 6.357258
2.856478 14.228206
2.392062 28.634510
1.679413 46.521950
0.411318 12.185193
1.165820 72.618958
1.806541 -28.531330
1.648624 43.190331
2.771976 20.325253
3.083274 9.815518
2.390654 32.099506
2.264951 -23.184464
2.927085 7.454400
2.775430 15.934796
0.975830 36.391861
3.118390 0.317366
1.901238 44.296509
0.727337 30.004328
0.274021 12.661510
2.096466 36.505577
3.123601 0.145927
2.348747 -29.705860
1.437659 127.032211
1.139924 39.336407
0.724458 -12.447619
2.564665 22.812771
2.827264 16.289572
2.932577 12.572263
1.054973 52.743637
1.409512 36.890160
1.174663 45.271252
1.053995 26.389896
0.880010 37.955345
2.653387 21.839653
2.281920 -70.685059
0.387634 35.257000
0.871503 34.881195
0.483151 44.235714
0.819212 33.619282
1.114265 110.862617
1.653451 118.094345
2.561929 78.448967
0.847569 36.628239
1.943609 40.489471
2.948558 -28.989401
1.468423 46.809822
0.515719 -67.853691
2.630455 55.267483
3.087981 -27.342243
2.592971 23.953159
0.187628 29.969774
0.981768 102.222153
2.224408 36.924461
0.288058 16.581268
0.515961 23.773626
1.804612 41.484150
2.251797 29.533859
1.745375 44.109722
0.798223 5.342036
0.721823 14.616605
2.517195 127.583633
1.096456 38.179886
0.921429 108.855293
1.802716 41.085060
0.010586 -0.072937
0.070955 -35.518269
2.988691 130.223679
2.838008 48.355099
0.349263 15.342830
0.489321 80.622704
2.504953 25.775034
0.130787 -50.217594
1.449455 -49.501362
2.173047 36.494015
2.488089 11.058753
1.647985 49.352367
2.218316 38.340305
1.976537 78.787674
0.885617 35.598728
3.079760 19.778999
0.434497 34.485371
1.920103 30.473969
0.790738 33.918640
2.017942 -177.675003
2.240653 38.098000
2.103600 58.183926
1.194133 39.071304
0.751450 29.342876
3.123585 4.120975
1.670088 44.325302
1.229293 -46.223114
2.326643 57.195068
2.121199 38.276180
2.204922 36.259892
0.685190 32.900127
1.862709 42.068684
1.656269 45.517975
2.440047 43.126965
0.060828 60.007057
0.432940 19.915775
1.389883 45.296101
1.191764 128.336426
0.763352 29.972450
0.707293 31.785856
2.670494 126.182983
1.095344 38.228184
2.993748 4.645754
2.494861 -22.315420
0.713318 29.573059
0.034515 -0.049344
0.460204 92.891296
0.504311 26.421083
1.805613 43.836575
0.640994 150.183060
1.074628 33.364723
1.466781 45.623329
1.341555 43.611771
1.532748 48.143230
2.227200 36.480122
0.234416 13.332006
0.916022 34.494751
1.026004 39.784122
1.875732 42.945965
2.456233 31.296318
1.326924 117.196449
2.503512 27.762127
0.737150 107.053078
2.699226 16.799505
1.070596 96.180412
1.056201 39.646935
1.038597 38.299789
0.180045 87.703209
1.103789 -12.268432
2.889880 7.981451
0.906934 14.044667
1.790930 44.880684
0.675354 30.103849
1.720867 79.907066
1.636834 102.687683
1.640889 42.812016
0.528052 171.353882
2.894798 11.863585
2.785938 19.061543
2.828386 16.240437
1.819244 44.049446
1.870312 44.031952
2.517968 -14.233203
1.577365 44.606369
0.703884 30.031755
2.648145 -7.706982
2.478730 26.265123
1.950977 85.906364
0.801992 114.292648
1.636836 45.068596
0.897439 36.845814
1.473952 40.512917
0.374635 14.220977
1.642871 97.453117
0.366791 9.330661
2.826609 13.840441
0.898076 2.244967
2.075994 34.164364
1.105408 39.928066
1.975403 37.962524
1.782640 -12.162614
0.721284 41.849247
2.050879 36.338802
2.825531 12.048535
0.449720 20.517225
2.136302 27.643585
0.656478 -23.407290
1.267046 45.649700
0.348567 17.769493
1.473715 44.309948
0.262951 16.998943
1.467633 47.058922
3.123389 1.512551
0.058765 -29.998201
1.100203 39.294933
3.090649 0.498141
3.095497 -25.140005
2.535059 28.828590
0.440412 18.335239
2.645593 22.728786
0.267371 10.309755
1.009763 59.619194
0.711509 28.115746
2.120914 39.304489
1.452232 -155.947357
0.842938 33.932655
1.420682 52.336868
2.908727 11.467441
2.055729 103.407486
0.812134 30.525589
0.847311 -73.486397
0.772032 -49.462635
1.381066 50.325005
1.992721 38.232944
0.737371 30.633425
2.539763 27.248281
2.828983 13.158893
1.302582 108.485489
2.419435 13.215790
2.330255 29.551910
1.632271 95.532028
1.670299 46.558037
2.605269 22.897358
1.320070 41.365391
0.059847 -36.756920
1.815689 108.584030
2.350555 77.281898
1.768403 42.290096
1.686098 49.843746
3.029551 4.069607
0.632806 24.729841
0.605093 25.990173
1.510929 46.305981
2.820972 71.868584
1.938137 37.325104
1.199376 39.325001
2.504116 24.014303
2.083389 38.234123
0.751224 29.932356
2.021183 40.391743
2.217253 32.547604
0.137812 18.937805
2.260496 35.446037
0.007867 -18.343317
0.303020 18.571011
1.016914 152.329819
1.367315 44.408997
1.604537 43.417580
0.125185 6.415981
1.994598 51.832951
0.376963 23.565643
2.504894 26.044046
1.590285 41.803608
2.311743 60.091114
0.589032 23.583437
0.784620 31.805832
2.823230 15.108291
1.953448 -34.687202
0.509184 -87.732765
0.726662 30.800911
2.590857 26.699074
2.507821 24.051144
2.960631 49.051319
1.318222 45.737732
1.505812 44.511875
2.922502 -9.724568
2.374989 -64.179054
2.551744 23.673042
0.703807 -18.659115
0.713041 30.357691
2.848996 17.114300
0.125535 6.563286
1.532271 -159.950241
2.390544 27.758873
2.636637 42.623989
1.726141 46.404480
1.683798 -13.094818
2.179982 35.197746
1.843018 6.071412
2.584172 -43.493095
1.159421 37.973640
1.787763 43.679752
0.222194 10.670917
2.191270 38.886089
0.349769 114.897324
1.531722 42.612976
0.694946 24.220152
2.253250 33.162388
0.817931 31.080496
2.958223 -85.266914
1.772613 58.608402
1.383315 37.290718
1.644063 81.805565
1.154982 41.542957
2.180614 34.822910
0.383600 13.047908
2.094968 37.935715
3.051888 -17.446745
0.132543 5.534056
2.015049 40.560890
0.763676 32.109348
2.797104 15.156013
1.381256 45.193489
1.204607 39.488537
0.980013 38.752666
1.441341 46.273922
1.568204 67.287521
1.580915 51.463978
2.801192 -64.657272
0.441877 21.149082
2.172662 7.165514
2.991584 10.724193
0.449809 17.868433
1.538490 40.872257
0.618468 -16.955599
2.389955 30.181206
3.125759 -3.477774
1.440181 38.852325
2.960341 8.502595
0.299372 14.437685
1.637773 43.802013
2.513489 163.481033
0.695834 -0.871567
2.224026 110.112953
2.618234 25.283760
1.966845 35.461143
1.489849 42.959435
2.569141 24.612402
2.865834 16.444120
0.986131 82.372414
0.917626 29.102081
0.241836 10.217212
2.243944 38.090115
2.023953 42.626305
1.248656 39.077206
2.882512 10.184923
1.042325 -7.040794
0.015872 1.860849
1.385492 45.200562
1.126084 37.239655
2.008807 39.574944
2.778790 19.032492
1.701033 43.872551
1.792147 -39.925835
0.684627 27.937756
3.054195 2.765168
0.762201 116.209999
1.271350 55.210384
0.803087 32.330044
2.598035 18.885260
1.337938 44.544460
2.372755 91.247169
0.892766 22.889523
3.057896 12.154501
0.576598 23.061007
0.751783 32.836437
0.407968 16.273180
0.535017 19.788342
0.570073 23.016512
2.690313 -1.730451
1.598612 48.269657
1.902404 104.396370
0.738790 28.513834
2.837106 14.520878
2.381513 31.420065
0.494126 33.147373
0.504317 -46.603737
1.211380 65.089523
0.561209 21.483156
1.682583 42.791988
2.693046 13.259350
0.865615 18.190830
1.757092 43.060966
0.811592 -28.856745
1.662302 47.411411
1.965938 -45.864590
3.107410 1.906945
1.721841 43.507187
0.805072 31.493385
1.105495 38.542465
2.032070 40.849350
1.425272 45.621613
2.465142 -28.725533
1.166096 43.024490
0.244251 80.110649
2.874609 -39.405422
1.048728 40.987476
1.110644 42.783085
2.347926 31.979372
2.093236 68.292389
0.921146 37.757950
3.054430 -45.206203
2.655238 -3.900499
1.749387 38.436714
1.250276 45.745167
1.064565 38.961124
2.948208 -10.423185
1.080281 37.808994
2.995807 7.467595
0.670909 126.480522
2.974918 9.530587
1.709203 43.310310
2.177971 38.933926
1.573516 48.094013
2.418473 28.309374
3.054992 -60.486740
1.854112 43.102840
2.601128 22.945749
1.615212 82.115791
2.333258 34.793388
0.284449 11.594942
0.787495 33.335754
2.544694 -11.636863
0.547119 -46.251045
2.878026 51.192753
2.037840 38.052753
0.170266 27.121469
2.244446 37.442707
2.121132 38.925488
1.753548 44.949741
2.697210 51.145046
2.249378 35.240128
2.238751 34.716293
2.211749 36.472298
1.867583 45.693279
0.076803 2.756734
2.314762 -65.072388
2.439698 30.514656
0.735676 29.765381
2.656076 20.438019
0.174097 40.150272
1.969533 40.828228
1.153944 -39.233383
0.712190 -63.364052
0.443254 55.668594
2.892655 7.549333
1.697803 46.815308
1.719546 -8.217762
0.585492 102.089417
2.344231 32.499096
1.184191 44.343094
2.727178 8.377465
2.595945 33.766354
0.726220 18.893049
2.538414 27.894445
2.409880 68.785744
0.689370 10.040961
2.024221 40.827835
2.713574 80.939651
1.983210 123.938370
0.467749 12.397139
0.502439 41.378490
1.479155 28.007368
1.836173 68.465378
1.956291 34.530834
1.521969 45.091206
3.044401 7.766348
2.153679 35.403095
1.867664 41.387711
0.977179 39.575191
2.954775 46.500114
2.834711 41.381969
0.158520 2.974156
0.660913 30.407976
2.757865 31.339916
1.714599 -21.375210
1.839500 42.651798
0.769793 31.779486
0.728947 29.873146
0.838905 62.051991
1.215163 14.663084
1.828802 46.246109
0.551219 25.693026
2.794336 17.025995
2.430484 28.867229
1.880455 41.377571
0.870053 124.835075
2.252514 89.081665
0.139246 6.680875
0.936318 34.913666
0.025513 -12.593169
0.716830 91.229187
1.966161 39.410847
1.645659 44.653633
1.566122 95.667946
0.196650 6.504577
1.490546 45.448402
0.885265 70.343910
0.397183 12.764438
1.186053 7.231147
1.668835 41.821899
0.307581 14.943631
2.803202 13.562782
2.744223 17.046152
2.560955 26.875032
0.946648 36.550060
0.597119 25.857321
1.309664 40.222603
3.095513 4.042333
0.576118 114.657730
2.990722 7.432192
1.607450 31.142996
0.278212 12.792455
1.831912 45.076305
0.925970 30.366505
1.847693 44.170300
2.060540 14.498653
0.026096 1.340891
2.665090 -69.104256
1.703459 43.411121
1.770703 42.370525
2.804960 23.313463
2.903131 9.207369
2.595128 -18.517408
0.282260 10.692499
0.258122 18.226568
2.584425 29.278608
1.663153 3.931478
2.003643 39.456039
2.174125 39.921635
2.499299 -57.689964
1.044374 35.112343
1.123969 39.938683
0.263490 6.547877
1.280341 87.814369
0.224370 10.234233
1.386186 42.876076
0.939544 37.090683
0.329479 -0.980205
2.816330 30.140511
2.885503 12.800255
3.115379 -0.266416
0.518688 22.107649
1.497229 34.622208
2.524466 59.959911
2.414850 27.941837
1.567772 -112.053604
2.355813 45.291935
0.492181 130.481400
2.299057 31.709534
0.072923 48.620960
1.890869 144.002686
2.479153 4.495095
2.124708 37.629375
2.969212 7.640044
0.032302 -7.624763
2.021139 41.947086
2.944679 -35.138783
2.243205 34.535294
0.809833 34.879868
1.583909 44.853333
0.649970 26.930576
2.376843 34.303219
1.463060 44.941105
2.171616 35.701279
1.955454 20.100485
2.240793 36.185600
2.184806 34.136158
0.434627 20.975300
3.037163 3.757253
2.282157 32.981796
0.720536 29.975153
0.236284 9.984635
2.968490 18.786003
2.409445 23.925753
1.209802 43.472462
2.707219 105.489433
2.221766 -28.034388
0.658957 26.852142
1.437796 43.862751
0.872369 35.947384
2.262976 39.123642
1.375459 42.835037
0.156749 5.487962
1.308694 45.270782
1.241303 45.627926
3.102588 -0.567423
1.510485 46.858322
1.765730 7.099954
1.769089 120.300835
0.054537 6.380479
1.314211 81.563004
1.154818 39.372898
0.144041 49.555538
1.487452 47.314083
0.806617 34.686691
1.119455 130.042435
2.563877 36.448948
2.773358 -6.953125
1.577562 40.034710
2.729882 -24.452791
2.944338 -94.119232
2.280421 67.202446
1.963783 54.670853
1.564173 69.888344
1.269677 44.478424
0.097796 6.241685
1.434142 -33.554642
1.002507 -3.459142
2.682835 20.888775
0.257298 12.285725
1.069613 38.929062
0.933411 34.583801
1.203652 14.268852
2.881558 10.563232
1.706664 113.489944
1.595567 44.903099
1.607022 1.009348
1.826847 44.016121
1.360576 100.301819
2.773487 17.025837
3.043205 6.466792
0.483987 -19.039284
1.629590 44.189617
1.064077 41.707260
1.885795 31.911142
2.419199 26.756447
1.722642 66.122894
0.400269 19.965481
0.891944 33.405296
1.946100 46.286636
2.003803 51.754635
0.345083 15.746334
2.643232 22.920824
1.173683 40.225002
3.079829 2.540824
2.185717 38.517635
3.075706 0.073982
1.411325 45.070290
2.439675 29.872719
1.556640 40.851326
0.940782 38.284187
2.510621 25.024397
0.672594 18.798979
0.295738 12.236220
2.439973 29.724176
2.788979 22.111885
2.535445 24.790375
2.604101 -29.538837
0.296235 53.952820
1.341057 44.111549
0.282540 20.965254
1.374236 111.860291
1.328934 70.929512
1.864724 45.136795
2.408296 30.692463
1.987741 43.295078
2.086767 37.978638
0.970310 30.117920
0.593332 92.114868
1.040366 120.521851
0.947287 38.502361
0.637514 -19.184206
1.649074 45.689461
0.589580 23.741079
1.837170 46.042206
0.945647 38.015469
0.202413 11.162848
2.605978 0.658312
1.384045 44.464848
0.305594 62.701836
1.871135 44.383629
2.632459 67.472130
3.116679 -0.673855
0.134969 5.473216
2.837678 -26.761854
1.953639 -54.226128
0.742703 30.550861
2.812193 1.642998
1.985475 40.777866
2.495415 -3.228517
2.680880 23.131315
2.713655 22.219225
2.841821 14.663583
0.967191 39.653828
2.468868 -5.000817
2.088076 109.676926
0.950953 98.127808
2.914826 13.198607
2.843799 -11.507549
1.451610 81.970200
2.394325 34.311298
2.325988 30.747353
1.110098 41.839809
2.091013 77.950554
0.052285 56.013378
0.322190 11.260004
1.308869 44.067638
1.252581 -5.119695
2.055495 -45.185112
3.122721 -1.955917
0.890643 35.706623
2.546441 23.837048
1.117994 95.132706
1.514544 48.736301
2.376477 -49.737164
1.667343 46.301186
2.226877 54.021935
0.669807 47.844700
2.963951 7.838149
2.187471 34.844688
1.886397 44.898090
0.629937 31.285316
1.431735 25.503567
0.548196 10.200259
0.052573 80.494873
0.326585 12.882754
0.849440 21.106371
1.096278 37.961079
1.795240 44.448925
2.547597 27.042160
2.082354 37.641312
2.694890 19.482563
0.522749 161.134903
0.271147 13.570914
0.600192 29.833145
1.932309 41.501785
0.920377 34.444889
2.236512 34.403755
0.190885 6.235621
0.591276 25.330238
1.798725 26.456947
0.936904 44.239971
0.363518 14.546496
1.347958 45.950859
0.231088 8.893311
0.021898 -0.373839
1.008216 58.785427
2.993402 11.505728
0.692285 29.819038
2.999383 -97.356506
1.086496 36.682209
0.256360 10.215322
0.542226 -42.033970
2.766634 17.185221
2.875060 14.054279
0.431983 19.869307
1.805417 28.694775
2.371053 29.751911
0.226308 48.073280
1.321104 46.017082
2.366789 -46.182903
3.005237 7.485900
1.172201 37.340748
0.498950 -8.071903
0.536267 -10.533460
0.163024 49.852665
2.237351 35.751732
0.908600 35.410908
2.060352 37.457195
2.667077 17.652500
1.122261 38.924683
1.611701 156.068832
3.008453 3.225927
0.139778 -42.015221
3.044726 -136.562637
2.975654 86.180641
0.774989 32.843212
1.788611 78.205269
2.472052 27.424095
2.424283 28.851477
0.528625 23.592546
0.785496 33.401386
0.493829 37.357021
1.398632 -23.060091
0.948278 -319.817261
0.543090 -30.250097
1.911149 -31.091524
1.603397 -37.440399
0.937745 36.449009
0.021800 2.728953
2.424030 32.180061
0.655470 -20.469917
0.869970 36.390617
2.610907 23.385170
2.602849 24.329018
2.706463 -0.985789
1.203103 42.397682
1.572855 48.818951
0.486975 75.047760
1.830803 47.859379
1.840068 43.078247
2.065012 38.015305
0.174108 7.833906
1.206454 126.726585
1.195919 46.381805
0.721581 31.047796
0.184294 7.143677
2.759100 8.854524
2.291855 34.061909
2.535390 24.995474
0.225520 9.258913
1.474543 86.696732
0.369423 16.204659
2.816144 13.571027
1.655263 50.904026
2.151895 38.396992
2.466064 28.386150
1.298554 37.769833
2.442296 30.460646
1.846051 46.375919
1.192856 39.964890
0.923415 -71.081741
2.434722 27.625940
1.664720 46.997047
0.075330 2.206669
1.851807 82.597862
1.844858 43.880371
1.227810 79.126617
2.582126 -26.906012
2.874260 9.053646
0.292097 13.061249
2.573475 20.236267
1.802980 45.137554
0.996604 37.648289
0.048096 1.339504
0.309890 14.288994
2.222591 36.086689
2.171262 35.671623
1.924912 42.944798
0.209443 11.135545
0.086522 82.085419
1.518647 85.244980
1.936483 135.755951
1.296187 18.972082
0.034359 10.297526
2.087026 296.554413
2.729252 56.290287
3.003398 8.083473
1.999500 38.981636
0.216874 -104.976112
1.810662 42.711807
0.976612 34.169437
0.903243 37.620953
0.130259 -36.160061
1.291508 40.827999
0.604897 37.259720
1.034974 36.155834
2.794893 12.118059
0.597255 -0.407189
1.724307 121.229866
1.752134 44.303112
2.740231 15.839755
1.855183 39.176636
1.088059 40.483562
0.072216 1.304796
1.155693 41.681942
0.397510 21.716793
1.303555 42.178921
1.826265 -64.065613
0.038868 8.770277
1.356529 32.575012
1.339078 44.384911
2.969504 26.070381
2.602177 22.618366
0.613074 27.460428
1.424047 124.719772
2.431711 29.164705
1.398846 119.376343
0.729166 28.229017
1.529449 43.817490
1.198792 43.645699
0.652173 19.227358
3.069171 1.163664
2.267822 33.249554
1.606932 43.337387
0.588302 26.171904
2.374062 83.761864
1.799413 44.841316
0.373783 18.050814
0.200652 11.213552
2.632165 19.169355
0.112946 5.607086
0.855984 61.813744
1.891697 41.149883
1.987904 39.806412
1.786302 43.045986
1.273485 45.796089
0.988609 36.358200
1.613410 46.993641
0.065119 4.821068
2.499118 -28.278324
2.733821 66.659294
1.570474 45.235786
0.153485 -50.094501
2.012192 41.326595
0.966008 -25.769464
2.411000 -6.971926
1.455579 39.277390
3.002878 9.584535
0.400193 -45.588734
1.671665 44.715809
0.033306 1.148276
1.717780 44.211964
2.897279 10.196733
2.681270 20.315187
0.785493 34.829117
0.396963 22.980188
2.535166 25.181601
1.410127 53.959652
2.878647 8.410412
1.060236 38.531971
0.122674 7.619687
1.378545 45.505894
1.913692 77.831924
0.676265 29.636637
0.515360 57.669415
1.498677 41.092785
2.553440 -87.572105
0.758299 34.309540
2.911988 8.267357
3.038053 5.111057
2.091064 36.924629
2.027261 38.550362
1.433668 46.456570
0.470973 22.404657
3.060251 1.227475
1.529408 44.818020
3.021443 5.727236
0.194716 8.629087
1.125735 38.173710
3.034697 -5.670541
0.940428 37.744961
2.833990 -4.008298
2.047978 32.944748
2.796918 14.412229
0.910746 35.858196
1.285654 100.464096
0.819600 34.976402
2.092733 97.133446
2.939165 -90.769119
1.805334 78.911850
2.912771 -9.422203
2.360565 33.491520
0.810545 31.724468
0.102295 4.667038
0.258755 10.500338
1.677850 44.305824
1.484309 43.670540
0.263202 84.795280
1.240146 42.109825
2.740443 19.474678
2.020061 43.035515
2.425720 29.715406
1.725379 48.759602
1.080404 20.317116
0.781087 38.610390
0.170721 -30.404976
1.896765 45.263615
1.179402 -1.937731
1.982254 40.123466
0.120782 -63.556198
2.011372 49.152428
1.475613 58.782131
3.058017 5.524452
0.253573 9.107850
1.661681 42.540707
1.375409 45.001740
0.525846 25.313295
2.837968 13.858578
1.527873 -47.150177
2.757342 14.176256
2.436330 23.094406
2.273662 -51.763645
1.619065 34.437611
0.452636 20.569937
2.885906 1.194400
3.073753 6.815642
2.813545 59.991535
1.470451 16.673784
1.699309 45.507191
1.211416 78.759636
1.557750 47.499924
0.515956 20.126982
1.597764 32.727203
0.254949 10.460361
2.753239 27.960756
0.308171 14.258231
2.629875 20.076910
1.650700 43.147202
2.017688 38.993923
0.992733 -60.020489
0.184958 10.593279
1.974216 40.238796
1.545821 59.994305
2.294583 34.179432
2.837495 103.047394
2.218951 34.886368
2.281163 51.189003
1.815479 41.858845
2.052766 36.207680
1.642036 46.320499
0.497702 18.013929
2.118632 1.948017
1.052377 -27.883459
3.121601 2.465947
0.634224 -44.162212
1.523834 -30.448246
1.063010 40.030487
0.075428 4.301389
2.293754 -12.928645
1.384653 47.326614
2.672384 10.324947
0.660943 26.638657
1.096798 37.956749
2.203777 38.060997
0.063686 26.123280
0.942382 42.670849
2.977054 -23.138229
1.858434 44.189884
1.651698 42.911694
0.933448 104.690872
1.677835 42.803780
0.934039 -14.916430
1.523214 45.895527
2.281224 29.845383
2.122273 37.726284
3.088498 7.975725
1.241294 50.110241
2.268240 -13.411828
1.575342 44.817348
2.147781 39.495213
1.584238 72.967834
1.909426 39.891735
3.095057 4.128257
2.944548 6.314310
1.552291 59.457809
2.513138 23.549791
2.412374 9.849160
1.479309 45.600391
1.647506 44.402214
2.368996 33.230446
2.824936 6.537013
1.744540 42.154369
0.620952 15.122358
2.457636 25.724648
2.612048 17.847160
0.872503 35.317661
1.919793 -76.603264
0.766474 51.239376
0.979658 34.360313
0.674569 27.358231
2.257937 36.450882
2.270956 36.517353
1.821981 42.085018
0.380711 17.969521
1.372551 -47.755676
1.837046 41.992275
0.103672 6.195286
0.673438 28.521763
0.027665 -0.215856
2.104748 37.994297
0.913543 37.366508
2.369409 56.762119
1.278930 42.337063
2.364727 33.267193
1.378035 75.426476
0.524146 20.074892
1.256993 42.263958
2.166075 38.531075
2.198040 39.864559
2.352835 29.546249
1.775531 246.087814
0.757780 27.086170
2.258286 42.016083
2.140372 48.579597
2.860117 12.762642
2.755334 45.956844
0.818406 33.891815
0.190761 8.296329
0.855660 33.670177
1.662638 111.263977
0.219394 10.171620
2.482182 56.332645
0.197618 8.883033
1.535924 37.675915
0.405324 -158.082169
2.760617 24.865635
1.983974 42.695824
1.826841 -17.805021
1.987432 38.745556
2.842274 -0.464694
0.998744 37.071983
2.208176 116.871979
2.697091 20.292759
0.680026 26.630993
1.068317 48.447582
1.015361 36.168385
0.052946 2.090719
2.124475 36.366646
2.271314 31.277702
2.561635 30.260330
0.684171 28.451736
0.290613 12.556763
0.432516 20.142284
1.604169 42.609066
0.656798 10.736113
2.106302 99.884819
0.571346 29.721525
3.044400 10.828267
2.472789 -17.968477
0.120749 5.574741
0.118054 5.999468
0.083474 6.115547
0.173241 10.033333
0.994828 38.344158
1.283368 -19.393993
1.588031 46.364143
2.045372 40.100174
2.201147 -13.316820
1.400161 45.483925
2.606446 18.399212
0.647428 28.683821
3.078080 2.127728
1.920517 76.455612
0.178435 -12.520638
1.170898 -30.734167
2.706937 15.988950
3.035014 6.146628
0.231713 66.517639
0.022377 -0.274209
1.900806 67.241447
0.062777 4.476352
1.952295 45.463333
1.578100 -34.607231
1.576541 46.275478
0.756367 41.815746
2.715242 15.837790
0.702008 -70.442726
1.958999 41.399567
2.783797 -38.875664
0.950743 15.798453
2.163804 35.530670
2.997087 6.204269
1.482579 43.849422
1.982084 45.542278
1.503776 43.583595
1.192847 48.022343
2.715966 -32.279144
3.140211 -33.177402
0.107508 4.782989
0.600553 29.743423
1.147417 41.859871
2.682832 22.260620
1.018973 38.802673
2.769802 17.257330
2.459505 28.469477
0.118229 6.437953
1.472778 45.252510
0.098405 -49.507252
1.179157 43.467678
0.326768 9.919858
2.181135 34.499237
0.597455 22.520302
3.062469 34.708973
0.225239 -30.950903
3.042701 6.218792
2.065464 41.913841
2.984133 1.695343
1.377072 33.693470
1.734086 44.082088
0.928792 37.842350
1.441907 81.050102
1.333013 44.611290
2.971936 9.269748
2.902395 8.955209
1.632600 70.514900
1.901332 41.006390
1.319158 45.647568
2.497945 25.239590
0.748535 -35.847038
0.065946 3.499067
3.082027 0.009059
0.921245 42.662273
1.994111 107.797890
2.130437 26.546413
0.325262 56.649311
2.934539 45.672096
1.022292 40.376656
2.688788 19.772327
2.488207 27.527216
2.094223 -32.124008
0.307008 12.585292
1.116057 39.137486
0.718169 28.291229
1.986164 40.400944
2.000708 39.359409
3.005169 6.615505
1.989563 40.022770
1.133640 38.329601
2.263844 34.996536
0.224523 11.489624
0.889335 32.559525
0.458499 25.268892
2.103268 39.205490
3.030238 -37.684658
0.528786 22.570702
2.979739 -2.107540
2.970172 9.961762
0.238851 9.075599
0.491237 26.088150
1.416931 103.745735
2.566500 22.732498
1.942097 36.927761
0.785382 33.737904
0.717209 69.996536
0.978395 33.993347
0.622911 198.867920
0.477420 -15.810114
0.516292 22.932436
2.836282 13.146314
2.788170 17.613478
0.518305 19.204311
1.161156 12.728741
1.312623 42.634510
1.525906 61.602249
2.460679 27.543186
1.390491 40.897034
1.820951 26.195938
2.292352 -19.891823
0.084439 1.837315
0.283202 8.451991
2.205475 41.712288
1.579603 9.852024
3.072135 4.386046
1.383185 46.461456
0.786500 31.213900
1.758167 73.894997
1.263361 348.554443
0.010607 37.334019
0.662994 34.950691
1.883743 70.889420
2.182939 38.159615
1.686516 47.703804
2.334016 -52.266972
1.388614 44.679237
1.705280 122.379990
1.910623 41.792065
1.151410 10.361924
1.746713 72.634087
1.549121 44.362064
1.322340 45.108994
2.434795 34.102577
2.546491 24.153770
2.335572 32.691139
0.545071 27.522280
1.341118 44.445190
0.935318 37.838356
0.661038 -60.681580
1.149516 39.172009
2.538920 9.072873
3.059708 5.812848
1.168235 42.022152
0.058416 -26.670450
1.808304 44.149090
1.177626 40.574379
0.097761 3.660624
2.254163 36.564285
1.713336 45.298252
0.548909 22.994452
2.753197 -23.129669
0.253195 11.874058
1.182304 36.281319
1.030582 34.246166
0.501766 -24.422070
1.871880 -49.178272
2.856342 11.528708
2.745534 49.082802
2.846334 49.396191
0.134962 -88.764771
0.792671 34.122299
1.956335 115.925728
2.889339 10.493976
0.665938 47.246376
0.863902 33.400581
2.846186 11.869184
1.474966 44.120358
1.100415 39.849705
2.748987 16.361195
1.322378 41.131618
0.145482 6.162093
0.967932 35.824665
1.098062 40.376068
2.425802 -23.258545
1.580507 44.778446
0.076930 4.728157
0.336073 89.120316
2.689962 9.962836
0.884747 40.648579
2.299150 33.490284
0.324772 20.058596
0.024457 82.197784
2.144875 38.554688
0.376616 9.815814
2.597646 14.674594
0.972981 -28.029509
2.330200 33.645905
1.056278 58.663025
2.045001 40.864578
2.079990 33.168156
0.737479 32.051758
2.341380 38.114964
1.166690 39.891499
1.580326 46.381660
2.651970 19.404440
1.773726 140.663467
0.401036 20.554569
0.270488 -85.791664
1.422190 99.180496
0.445612 16.075262
0.809171 -17.127203
0.186299 -48.109718
1.047910 60.340069
1.028009 52.732719
1.922497 42.545662
0.440962 19.903584
0.759009 95.605652
2.064305 36.818817
1.608501 40.364021
0.289631 46.483540
1.094855 40.075016
0.122290 3.652849
1.620632 43.184158
0.037062 1.662023
2.787059 14.764715
1.971040 40.370144
0.162219 19.174595
1.341356 42.108967
2.939474 96.833328
2.875037 -2.858409
0.159963 67.646034
1.731262 20.652477
0.454682 -14.195166
2.754922 19.584843
1.564169 44.503540
2.210279 37.143753
0.940912 56.093914
0.884187 33.516327
0.706764 105.163544
1.051713 78.919319
2.537613 79.800163
1.980173 40.019936
2.848048 -102.387634
1.295387 2.827113
1.322210 44.629528
2.558836 25.425398
1.470037 40.295898
2.947598 7.852407
2.054797 41.526253
0.099033 4.523584
1.049211 36.063984
0.686695 58.862789
1.422215 43.294437
0.894078 38.003872
1.780610 127.573776
1.797157 39.826851
2.017226 43.699135
1.880830 43.833206
0.286406 79.961700
1.563350 79.784767
2.163235 35.819313
0.094288 23.054523
0.350902 16.036909
1.883252 326.340302
0.583338 24.089355
2.740478 16.845947
2.309883 82.710213
2.401581 73.036911
1.705107 38.819420
0.180989 6.172614
1.783427 42.056469
2.830524 11.586036
0.938110 85.636963
2.560175 24.509741
0.489129 20.325899
1.760739 46.032558
1.617608 43.590500
2.066961 -26.404181
1.444363 74.463982
2.078479 39.359463
2.178665 33.700882
2.052974 39.484344
0.941035 39.109608
0.822143 17.234476
1.701485 95.467224
1.862062 43.045338
2.213882 38.323288
0.634363 47.064732
2.741676 15.588268
0.736980 29.555950
2.182548 35.293510
1.512253 44.639565
0.513076 19.907938
2.806593 14.679405
2.636432 23.452297
0.883687 37.565189
1.775501 45.656883
0.821987 39.285988
0.885433 32.758961
2.141738 45.710560
0.144053 8.099184
0.990831 7.920046
2.054877 40.784893
0.724294 26.555088
2.496012 51.287735
0.972502 46.368874
2.491500 58.948792
2.124730 37.825951
0.535827 24.148888
1.819135 42.727741
3.089594 2.283776
2.117518 39.794804
2.979127 0.939866
1.984140 101.747246
0.505429 20.853264
1.333361 42.675629
2.220183 12.448148
2.661375 15.796169
2.840744 47.505203
2.328903 32.347000
3.030798 7.108324
2.363450 29.821136
2.579509 25.297016
3.042382 8.329303
3.121161 2.607837
0.954917 33.918388
1.781440 -66.250824
2.236135 20.385101
1.814409 50.444080
2.082129 35.027431
0.894024 37.736206
2.693831 21.798658
1.026593 72.013458
1.969781 41.278339
0.195249 -46.952301
2.038275 43.598133
1.164128 42.093758
0.179670 6.378188
0.629829 29.033686
1.218021 125.280853
0.518514 27.438787
0.402970 17.490070
0.645269 26.247957
1.366832 44.172699
1.562745 89.651421
2.582553 23.503519
2.809881 1.831390
1.532031 -10.650925
1.563953 45.406769
0.284523 -8.054506
2.071314 95.119049
3.040802 1.427764
2.522357 26.816799
0.745431 30.111094
0.586677 24.033970
2.213556 34.590534
0.164115 78.205605
2.072998 36.615662
0.643807 25.589567
0.119161 5.105335
2.815067 12.502867
1.877555 40.722115
1.551976 42.432514
1.523007 45.609722
1.541531 45.532703
1.674015 42.630501
2.423669 27.552393
0.525310 21.724174
3.056610 -2.994400
3.023786 5.150403
2.195309 103.223503
2.313951 -18.852247
1.580410 44.198952
1.297185 73.373672
1.764073 88.061638
2.847151 -76.678955
2.751114 11.913070
1.944356 41.319054
1.251079 66.279900
0.743217 87.513451
1.086514 -25.853045
0.411758 18.793524
0.541243 48.070698
1.577411 39.059902
2.236324 34.291008
2.985081 6.333473
2.241185 33.413162
0.302044 15.034712
2.762738 -33.129971
2.362182 29.644182
2.594855 22.344343
0.070607 4.533294
1.291906 125.511948
1.319121 43.963406
2.750417 13.048562
0.737612 50.519547
1.844039 93.487251
2.792664 16.160456
1.587189 116.290291
0.986492 37.044189
0.803705 33.760006
1.494792 108.421867
1.745412 43.837673
1.519917 -24.659216
2.501338 27.551765
2.783349 16.894812
1.014789 36.415905
0.150958 8.368410
0.527650 24.134024
1.951454 -12.350649
2.587662 110.502930
2.786087 18.145836
0.735251 31.331369
2.659282 -29.015848
3.128421 -59.727505
3.036512 6.175363
0.599020 25.551815
0.100944 2.872228
2.610512 152.233124
2.780062 16.696760
3.089015 0.938154
2.496069 -75.712547
1.772527 43.136829
0.998236 60.667366
1.662253 45.768559
1.132055 39.565540
0.899516 -14.190124
1.616803 31.519217
1.132901 -27.670444
1.240288 43.923332
0.222860 45.562214
2.014100 46.589169
1.059742 29.210291
0.404219 18.859303
0.307877 -4.087836
0.036672 35.086384
1.794166 79.603752
0.902431 37.462379
0.931885 34.962421
1.412160 40.652683
2.329664 31.938791
0.960060 37.771641
3.100142 0.446117
2.776718 17.305750
2.838542 13.516920
0.564842 26.216957
1.491895 47.389050
0.393501 19.801502
1.658804 45.435078
0.692214 28.084812
3.004387 3.511167
2.076956 39.515667
0.254501 11.521796
1.304663 48.027195
1.242536 120.617928
0.166114 -67.218636
1.504923 45.504150
2.534452 -30.759441
0.578980 22.415760
0.039752 0.311602
0.276729 14.365795
0.835563 55.961769
2.442565 30.209112
2.123463 40.699280
1.460993 42.875710
0.787205 33.696930
1.513836 43.968327
0.258125 119.909401
3.089961 1.310156
0.431866 18.361620
0.744449 -5.251128
0.084766 -82.836708
0.405999 17.823984
1.093221 102.502525
0.544269 24.166651
2.039054 20.849279
3.094088 1.028251
1.469492 46.084435
2.244128 33.220745
2.856356 11.439636
0.058441 32.331219
0.164450 33.315208
2.867588 13.156693
0.758338 25.448967
0.537938 22.966135
2.546604 89.035149
0.229560 12.038124
2.756667 88.012428
0.115057 6.719770
2.565113 92.052437
0.928115 36.919964
0.362259 17.922188
0.070202 -28.803812
2.259742 32.889446
3.011868 4.994450
0.792633 33.778515
2.770466 331.159302
1.262306 -132.917969
2.866959 48.479092
0.347414 14.971435
2.680405 36.752415
2.194872 32.658985
0.646506 29.090168
0.616613 59.320583
1.656939 84.623886
0.310299 6.646136
1.233771 43.062450
3.084534 3.708668
2.030378 39.172276
2.610899 21.461803
0.156425 137.409653
2.026344 121.324112
0.726709 27.310501
1.673151 43.622505
1.487474 44.148273
2.274565 32.147156
1.266448 37.251736
0.158566 53.475636
0.395133 -50.688530
3.013485 -50.453869
1.379954 48.204823
0.389117 18.913170
2.516661 28.471836
0.262893 18.559305
0.601156 24.181656
2.760204 9.815331
2.474173 28.796160
0.718498 28.853518
1.558441 43.829494
3.085542 -6.271474
1.662688 46.740837
0.414522 19.700840
0.576299 24.376345
2.521391 27.921881
0.303006 9.124838
2.428528 32.298355
0.657845 28.086992
0.253919 9.630765
1.100599 41.611568
2.033942 75.475594
0.614406 27.803524
2.750712 21.007730
0.566385 26.500343
2.371204 32.580097
3.085143 4.061770
1.856904 42.401524
0.783554 28.886003
3.029849 7.305549
0.617268 29.076870
2.203409 38.215595
1.442937 46.234325
2.370574 32.557140
1.877075 98.136101
1.552096 82.070946
1.433167 43.814941
1.424443 42.256413
0.662113 74.976753
2.405921 32.130199
0.598627 23.823956
0.495551 124.169640
2.108422 5.769094
1.412925 45.940372
0.996954 9.708573
1.735263 117.251610
1.092967 40.045799
2.395867 29.934263
3.041692 1.927341
2.299525 32.244843
2.060063 41.542824
2.300412 69.867340
1.463111 45.949818
0.629503 25.199915
1.105726 40.570576
1.740402 47.662285
0.148579 8.286736
1.036267 35.316769
0.368278 42.845726
1.944524 43.419022
0.316334 12.243068
1.126776 37.546246
3.013792 31.566994
1.901844 42.184235
0.635038 26.998581
0.050864 -57.279800
0.592596 25.866964
1.651875 43.324287
0.273666 9.152058
0.940122 35.711319
0.328979 13.367281
0.055145 73.672684
2.595827 77.258278
2.467056 30.122578
2.981276 26.843828
3.012127 3.875293
0.978950 38.096966
2.614604 29.143665
1.349122 142.862549
2.494065 27.244461
0.263137 13.568897
0.692966 -9.941254
0.104274 -52.246155
2.427480 22.174721
1.124452 41.577328
1.793762 115.873627
1.013798 38.589451
0.571342 20.635403
2.881795 63.788952
3.109415 -1.091892
1.954857 0.281973
1.053951 37.889374
1.973652 127.896713
3.048360 5.598390
0.992825 37.431068
0.417575 20.101418
1.986256 40.261566
0.685896 30.742294
1.013230 46.364323
2.907481 9.713200
0.175452 5.568596
1.439507 43.165318
1.071230 37.295048
1.128798 49.363567
1.692222 42.669876
2.494549 28.623177
2.119076 39.499004
0.364058 16.291452
2.734832 16.978964
2.250145 33.701546
2.607895 24.458788
0.944925 35.279499
2.342465 29.186541
0.460520 21.542517
1.654816 43.371689
1.502839 101.622169
0.032212 -7.699540
0.040202 0.049506
0.511070 18.603523
3.065605 -8.204398
1.762551 49.443558
1.858844 47.518726
1.327182 41.769245
0.232125 -36.809231
1.256966 41.842892
2.837517 11.146542
2.016499 37.047729
1.391916 24.456903
1.740868 148.536499
2.173347 36.105911
2.636440 80.615082
2.201903 8.875393
2.898545 12.265295
3.080132 2.924264
2.471911 27.287584
1.159743 -46.783150
1.245447 44.545353
2.883384 10.287903
1.365423 45.014191
0.002409 -1.778609
2.833709 -13.739352
1.848556 1.327698
2.847015 7.657391
0.632018 25.493797
0.448990 -7.653927
3.067582 -0.929715
2.015565 30.134680
1.034727 54.015892
2.131948 -21.641747
1.362440 -56.169041
1.121666 47.455982
1.761581 46.247917
1.123186 42.662991
2.745022 18.323339
1.629721 42.467758
1.284223 96.477409
3.110539 -65.343124
1.715642 44.412506
1.902271 41.498268
2.593073 21.867950
1.286046 46.161102
0.137932 8.766147
2.515872 71.517952
1.230368 41.877239
1.643908 37.736580
1.431127 38.400227
0.638411 28.574112
0.366516 14.104568
2.259172 31.374926
2.645479 -63.298393
2.735198 17.167229
0.282064 66.029572
2.978221 6.071500
2.477211 51.056297
0.301732 13.622753
0.386024 17.786539
2.260454 134.423187
2.458655 9.768618
0.811265 35.968605
1.917829 39.282944
1.480191 42.104160
1.848923 55.167843
0.725583 29.164465
2.776803 17.327543
2.025165 27.300735
0.392586 -22.731544
1.448413 20.344627
0.215328 -31.058329
0.556346 22.936834
1.487917 42.091263
2.986597 6.066991
0.661435 101.723885
2.787230 17.330927
0.429984 24.311270
0.195045 98.724510
2.613807 23.437136
0.655256 68.850548
0.780258 29.983759
1.325333 34.111923
1.292338 42.669186
0.483944 23.143715
0.753901 19.246313
2.749667 16.235352
1.549802 47.882221
1.364864 44.813732
1.814331 42.494328
2.909955 12.824903
0.971804 31.617117
0.980699 99.512566
2.565558 23.779463
0.945207 36.705730
1.416130 46.328369
1.822081 40.588348
0.795958 30.719902
1.989528 45.256630
1.588518 44.141880
1.594088 72.050453
2.717537 23.236813
0.834815 106.234436
3.136108 26.709625
1.756955 44.280781
1.271850 43.671707
1.657347 41.450611
0.552125 -3.865173
2.257591 35.060555
2.403724 31.143747
1.496877 47.494984
2.136842 40.685184
2.124319 37.523052
0.321740 14.203943
1.951762 42.530914
1.519709 45.979942
2.532505 51.705414
1.152370 36.418118
0.731554 28.954149
1.455105 35.315216
0.201846 82.995537
2.249171 33.311878
2.575574 -100.162941
1.255069 -79.797997
2.449504 -2.769680
1.531974 41.215195
2.978181 45.745434
0.792090 -43.481934
0.515776 24.381594
2.118585 133.298187
0.889891 -35.321804
1.824776 46.681114
0.742468 32.669987
0.247605 12.427433
0.011355 -0.534103
2.893851 -33.566334
0.461982 19.156370
1.978715 -52.743893
2.481699 17.195805
0.696482 -45.025982
2.809746 -1.133991
1.197007 125.026741
1.243559 36.148689
2.535545 24.668024
2.097706 40.249130
0.026315 -0.247058
1.437677 96.584930
1.445065 46.265495
1.761765 46.037170
0.771211 -27.815720
3.106809 -66.983986
1.734670 49.037830
0.749328 72.683594
1.797007 42.783890
2.193699 34.158871
2.376571 65.424713
1.475990 40.989990
2.452781 16.283131
1.314749 41.677067
0.958097 36.874336
0.331581 16.925785
2.686673 53.580780
0.133200 -65.203476
1.291893 41.545883
1.330608 49.449520
1.142293 41.188801
1.678328 42.459404
2.016315 39.921684
1.482727 44.157234
2.510582 69.269386
2.004007 54.200741
1.364670 44.465965
0.265577 -22.977720
2.702164 21.780413
0.655570 95.847595
1.259395 37.109550
1.705671 47.422585
0.081811 39.910454
0.985917 33.295918
0.795119 30.785307
2.146564 38.154747
0.245519 10.093188
1.736688 81.873146
2.555037 25.929848
2.535637 24.828659
2.599704 -14.096562
1.371437 45.794235
1.588157 -4.469869
0.425448 -69.627449
0.809214 18.983940
1.674027 10.175063
3.118645 -19.340891
0.372246 -42.505753
0.453736 18.785284
2.754867 15.968952
2.009418 45.454052
1.585581 71.898590
1.127685 48.534157
1.406322 43.679718
1.230060 41.045628
3.109187 64.029259
3.067042 3.572078
2.189761 34.020256
2.870280 12.152152
2.920774 -35.454563
2.428786 21.248867
0.928537 34.469223
2.230044 86.630638
0.218215 8.496984
1.625482 43.237579
0.991874 25.806826
0.480866 35.914444
2.182592 199.886887
2.683504 19.476637
1.899252 42.207504
1.236635 37.832188
2.655799 23.082550
0.462284 21.098104
0.020909 -2.162480
1.041793 71.983391
1.332906 73.904655
0.918217 37.055332
0.685361 65.869858
2.409079 39.888477
2.441318 26.906786
1.197794 43.882572
2.464453 28.378307
0.869031 33.696545
2.807572 5.754449
0.963429 0.370520
1.644820 90.507149
0.347586 16.864891
2.149370 44.651688
0.743298 29.582918
1.336310 45.683445
1.041181 39.304245
2.113935 3.818767
0.636689 21.289804
2.575166 19.391867
2.826209 16.234858
2.948458 9.771390
0.991020 36.139400
0.199873 -50.138401
1.192074 33.550232
0.538241 22.563810
0.216439 99.769928
2.087301 108.510841
2.581204 24.706413
2.750202 97.581085
1.015079 37.251137
0.286364 13.204571
2.595328 -41.674992
1.215461 40.856983
2.002173 -24.250797
1.294169 -39.661003
2.691202 -50.993767
0.849146 -29.278788
0.901784 34.576603
2.447655 28.991770
2.829090 14.702519
2.223991 33.806087
0.088123 -74.576988
2.758303 39.361992
1.403809 44.952843
0.503075 42.699314
0.128636 5.826714
2.177021 -24.883509
2.885183 13.122480
1.326239 134.895218
0.944002 34.452763
2.329158 -75.504486
0.712408 29.574793
0.138783 5.457100
1.137554 -60.165024
0.756381 110.598099
0.065392 4.742165
1.659506 20.185862
0.906474 36.328346
0.902874 37.015453
1.754521 37.071514
2.247552 -35.646534
0.871024 33.734982
2.513958 49.691082
3.076201 5.833016
3.133128 17.866793
2.999586 -31.643881
2.032810 44.147938
2.047881 38.103012
0.764360 102.234810
0.958033 37.280609
1.116429 44.536430
1.158057 40.221546
0.737165 15.952546
1.256202 45.876095
2.171438 1.682366
2.636678 -22.408535
1.933805 45.875332
0.892490 37.206394
1.436403 42.147072
2.065406 38.530727
2.478339 26.120514
2.587944 -5.914080
0.780839 33.301815
1.473247 46.571068
1.090957 74.979958
2.165575 37.962601
1.897817 -66.548843
0.655195 26.135323
1.107614 34.586437
2.019039 37.562675
2.711676 16.645517
0.640258 -94.978989
1.466901 -37.063278
3.006690 2.992545
0.447124 77.432678
3.119122 4.084628
0.018413 1.460558
2.020746 51.805038
0.508167 21.275095
0.980575 39.430210
2.164454 38.426544
2.593246 -23.601082
2.007540 112.198570
0.733564 29.870836
1.821157 44.945419
1.707064 128.700211
2.274751 34.392796
2.124899 40.581081
2.781474 16.840588
2.115013 47.993217
2.949149 10.036604
2.892186 17.466305
2.759096 16.288395
0.484560 71.421577
1.578314 -7.478057
0.059989 4.831424
2.920069 8.377823
2.420805 23.326088
1.048319 38.779514
0.526246 61.635910
2.415481 100.548370
0.468652 79.125458
1.197313 42.418732
2.259347 -44.723759
2.152589 39.339081
0.379198 15.612016
0.822976 124.640213
2.181631 56.609901
2.351531 34.474686
0.114852 55.739952
1.751652 47.150349
1.694827 46.824886
2.017996 115.113495
2.232639 34.729057
1.502441 68.610664
2.142445 82.086235
1.515538 44.524017
2.964699 8.862618
2.795691 -2.418475
1.210288 100.276398
2.053285 -10.793731
2.991163 8.281189
0.532860 23.625650
1.657415 43.557480
2.221449 37.670067
2.800235 -40.455212
1.378312 33.494526
2.159599 37.315834
3.037904 16.872040
0.953805 30.463707
0.475845 19.694109
0.758687 29.963591
1.158911 42.281006
1.978616 44.224949
1.412776 -13.396216
1.051663 104.749588
2.178273 39.130939
1.514888 115.721512
2.929937 -41.586193
0.536287 68.517097
0.353469 16.413687
0.619110 26.655521
2.969020 15.600567
3.093002 -36.091915
2.198300 53.575768
2.374069 31.546339
1.880787 42.240749
0.290451 8.653970
3.027499 6.218502
1.426978 43.274086
1.508850 46.743027
2.786767 -82.003479
2.994200 6.785611
1.200599 39.678978
0.010192 -101.970024
2.038304 17.166025
1.930613 44.919899
2.744991 18.514555
0.871731 85.396240
0.221321 2.710828
2.583118 25.905655
0.781575 76.065872
0.988944 38.310867
0.329202 -35.508152
0.300276 15.765484
1.621904 88.111137
2.535768 25.268862
0.516240 22.737568
0.256691 0.222570
2.597893 33.430004
2.027250 25.877705
0.696013 -26.856174
1.330376 38.022438
0.680818 31.171757
2.404787 30.186281
1.303055 43.353226
1.764943 45.238327
0.239082 12.249025
0.049462 88.688400
0.693287 -10.822748
3.069348 6.019147
0.757279 12.788498
0.318243 36.272896
1.025698 39.900440
0.736334 6.801151
2.791309 34.082558
1.836387 43.929291
0.784479 27.679546
0.802918 131.985519
0.091468 2.855257
1.265699 87.047241
1.007016 41.592735
1.608582 115.683212
2.464699 28.682043
0.039846 -0.064400
0.587537 27.583311
2.071656 38.900215
0.896869 37.474953
0.546743 39.883053
2.242201 36.042046
2.682238 17.812859
0.392031 17.795170
2.945932 -48.231316
1.139952 62.450344
1.479120 47.413746
2.534796 16.413475
1.060081 36.941784
0.363896 13.129729
0.563291 157.519653
1.021536 44.499516
1.210142 57.198887
2.577381 22.207182
1.031750 70.679565
2.088274 70.873863
0.841268 34.951469
1.452183 -68.119080
2.254569 34.739285
0.231243 10.052250
1.581846 43.636887
0.918237 37.930031
1.797543 43.356781
1.042488 -9.742130
1.409413 45.813034
1.746169 77.248184
1.282810 46.362354
1.048057 35.477757
3.059979 58.383572
3.110950 59.910404
1.079469 7.028010
2.305462 -62.019569
1.297594 45.177483
1.502729 43.501686
1.103448 22.596106
1.140782 83.485550
1.479832 47.362541
1.559849 42.748077
2.966237 8.862420
0.501571 32.518116
0.289903 111.132095
1.497685 28.640387
2.765689 19.589949
2.219698 35.325325
2.855434 54.408657
2.242138 33.592323
0.025041 63.724400
1.669168 54.766914
0.723651 26.315886
1.088697 39.185974
1.951344 41.765442
1.999710 102.640091
3.074539 3.344349
2.292143 12.490092
0.985954 37.845055
2.921544 4.204388
2.127264 36.896488
0.211895 28.476278
0.212062 34.725609
2.688812 15.080340
1.961465 8.360867
0.430843 18.281738
0.357915 59.569904
2.047880 41.856010
1.095140 39.232548
1.706621 107.500572
1.543509 46.525497
0.759722 153.414383
1.340931 120.026360
2.934251 10.375122
1.530685 46.116817
2.174123 39.919205
0.274214 11.732102
1.483750 45.115776
2.161710 -14.931709
1.760191 64.481155
2.595670 29.002260
1.721335 105.909363
1.271290 43.704140
1.513939 44.688633
0.344644 15.487432
2.213766 32.812809
2.654644 19.037386
2.491184 24.950285
0.654483 -4.610576
0.577275 23.283968
1.113710 41.711075
0.654254 27.533543
1.087442 41.037983
1.049663 33.609657
2.516882 7.292657
0.476555 24.706503
1.284645 36.375893
1.703868 83.466866
1.229295 -14.473003
2.474196 13.489531
0.029588 -0.188136
2.945747 11.576633
2.449428 137.880966
0.661471 12.063076
2.771802 15.113910
1.419192 43.255322
0.630358 -100.640755
0.705105 22.101992
1.103103 38.014961
1.403133 45.385643
3.087099 -20.660433
0.549768 22.631414
2.519081 4.112866
1.850616 42.846554
3.113394 50.992222
3.046232 25.595966
2.568954 146.116760
1.122588 38.554173
0.875742 32.962360
2.204554 37.271191
0.408126 103.377899
1.435384 28.205976
1.519447 21.928656
2.409229 29.696039
2.957450 5.445443
2.270706 34.009914
2.216551 42.921196
0.144174 -83.540833
1.100389 38.800098
2.112891 35.843922
1.240092 101.851006
0.066829 4.642413
1.687223 41.906178
2.339068 33.147190
0.577977 -14.646398
2.593210 19.927830
2.508311 18.706907
2.257496 32.006222
0.606670 26.992357
1.928795 42.995068
0.134089 4.719631
1.468504 44.590855
2.998504 -44.503220
0.987850 37.732685
1.280161 114.227676
0.684050 31.319366
2.296392 -2.834207
3.069325 4.224218
1.309091 41.380413
1.775193 -34.616093
0.211888 43.262619
0.780806 103.932381
2.008889 39.657310
1.471468 42.434311
0.138652 8.002588
2.099834 19.337114
1.468149 46.854366
2.614689 -5.503257
2.387357 29.995317
2.108243 78.974831
2.101321 37.445633
0.266023 13.423380
2.375627 30.465349
0.896588 35.407040
1.449485 43.556347
2.194753 35.729271
1.752572 44.249226
1.931257 39.177406
2.290267 32.491604
2.712019 -34.653339
2.473246 16.778158
2.626654 18.040918
0.042727 2.007841
0.770865 33.028454
0.952958 40.832104
0.872002 -58.845024
0.067183 54.925922
1.683826 23.923574
1.587242 43.393547
1.640653 1.655522
1.666738 50.966000
0.831262 143.320206
1.902531 42.136826
1.648678 47.924770
2.287724 37.427563
0.452165 17.122263
2.794241 13.403309
0.910168 37.371696
2.073920 37.291084
2.325915 -19.857216
1.436415 57.763393
1.334424 43.679607
0.322589 13.829123
1.235708 1.708427
2.024220 88.150497
1.866277 43.352924
1.085329 43.819118
2.082417 40.494186
0.729103 35.033508
0.001280 -58.543110
1.407969 277.190186
1.887676 44.699028
2.064600 41.481529
2.194349 34.829433
1.913041 -35.890202
1.780060 46.260700
0.519658 45.362938
1.592941 44.051170
2.726225 19.739576
1.764899 46.998169
1.773070 30.261106
2.043203 35.760063
1.290512 85.390083
1.330395 45.193039
2.688607 19.194685
0.801471 29.565327
3.063993 3.245532
2.744453 54.798378
2.931296 10.731185
0.836212 -9.353738
1.736111 18.971157
1.133361 36.892818
2.415380 27.665335
2.385689 -25.903736
0.335021 5.618969
0.767445 -15.687538
0.249107 -56.000866
0.242418 9.008837
1.655926 45.589493
2.419891 67.374954
2.944237 -59.890667
2.676290 22.260380
0.471603 82.592239
1.519639 47.291592
0.473947 22.547186
0.546763 103.605980
1.607440 45.038448
0.645263 120.294640
0.225208 6.320780
2.896812 11.083256
2.149376 34.900898
0.804161 -39.805695
2.379588 29.774626
2.214603 118.997665
0.847669 57.157234
0.576380 24.495380
1.953420 45.327591
0.267041 13.600489
2.729692 16.425030
3.029256 6.062282
2.797342 17.996887
2.272510 51.958889
0.978996 36.683315
0.730224 16.986635
1.782829 53.114815
1.659747 44.419510
1.745124 43.336979
0.200094 8.192496
1.899887 43.441872
2.378458 32.056175
1.069321 38.774498
0.994037 39.724327
0.140972 7.264321
0.653164 21.699982
2.383147 27.268814
2.752117 -26.811941
1.262850 38.094685
2.361910 29.573038
1.008773 44.080284
0.601883 27.499235
2.199556 0.770175
0.112704 6.530709
1.915499 87.604904
0.855933 32.010681
0.574513 26.536095
0.953108 39.078743
0.461212 23.679153
0.651647 21.661240
1.042588 39.319000
1.313775 47.226501
3.073451 2.693994
1.576105 42.370598
2.936108 39.460659
0.217867 8.680927
1.977428 40.343216
2.281169 77.569901
0.819965 68.399918
2.840762 14.535430
2.613054 24.774866
0.287660 74.994293
0.847678 125.055084
1.473272 43.281990
2.373216 30.660921
0.517147 24.953560
2.675405 -49.118885
2.071521 39.287666
2.460496 26.554876
0.527513 19.074083
0.108732 6.588755
1.230173 51.936230
2.912458 5.973714
2.803591 21.160465
1.740693 -204.507416
0.053182 61.420387
0.006293 57.088448
0.840488 33.164379
1.415506 46.554714
0.441441 18.033035
1.470520 37.871269
1.181563 41.330376
0.867445 39.704155
0.896953 36.485725
1.876978 41.613636
2.818733 -22.824697
2.505510 26.425335
1.928494 26.960524
2.741774 19.394558
1.484619 46.995495
1.914595 38.771034
0.822899 14.631079
2.715191 17.349138
1.513939 43.346912
2.044965 38.882175
0.938626 37.712643
2.886196 21.564354
2.635448 23.354769
1.870669 61.179222
2.803815 3.617985
0.964586 115.778679
2.014571 43.789104
0.639542 26.240524
1.342493 47.663372
0.021600 5.694653
3.122980 1.936813
1.580822 20.932018
2.402862 32.211376
0.410225 0.013779
0.556072 18.068476
0.147612 7.416716
1.467330 45.561459
0.950708 33.002262
1.049206 91.273201
0.261639 -42.296921
0.862547 38.734173
2.360620 28.243885
1.372118 43.579472
0.040818 1.791710
3.104268 57.189213
0.436700 22.110538
2.059976 39.035912
3.118001 -0.646726
2.184990 34.441856
0.763068 53.229931
2.141321 37.181530
2.417659 29.927210
0.953261 34.153351
1.649617 44.521770
0.519879 21.563063
2.598675 60.496937
0.193605 82.827393
1.488098 42.442249
1.006737 4.653878
0.382681 20.646046
0.682751 26.531361
1.693206 43.986217
0.428868 18.174166
1.791294 30.116121
0.107260 6.652843
2.656496 18.894321
2.359024 31.193007
0.629787 24.138050
1.009294 39.974026
0.866434 1.437622
0.110968 11.350924
1.092190 49.300049
0.570285 1.352674
0.062692 -1.541226
2.132013 87.480545
1.298906 41.776543
1.508898 -7.939404
2.609204 23.078056
1.159975 41.524117
0.156661 6.103832
0.671582 38.652546
1.739448 62.723598
2.458319 28.816406
0.257874 8.714068
1.200300 45.541027
1.376755 95.656189
1.231372 133.072128
2.586801 -35.843975
1.794664 45.181084
0.148859 60.194527
2.051455 -15.405040
2.090403 37.558552
1.007141 52.880077
1.457979 46.322231
0.689342 26.415756
0.113951 1.927056
1.990286 46.107124
1.399787 89.685310
2.005392 43.064999
0.034018 73.754272
2.267379 -37.028385
1.372008 43.859863
2.575283 26.146914
2.042206 44.268742
0.713865 28.052109
0.257813 9.402068
0.043135 0.289047
0.326174 12.958390
2.888069 11.757303
1.997642 39.810303
0.620956 27.043203
3.115491 -57.836781
1.085474 38.112389
0.993556 79.931824
1.703447 44.438583
1.235807 -26.644150
0.237600 10.898756
2.801431 15.853953
1.368793 42.381718
2.413105 27.070122
3.101609 3.069617
1.667471 46.258476
0.884255 72.052399
2.940696 -17.160467
2.222661 77.985161
2.213947 45.329090
1.174693 40.532768
0.874836 80.463776
1.854561 42.617477
2.921530 10.472568
1.002730 16.706776
0.127694 6.347979
0.635195 90.432495
2.200399 127.767029
1.900518 28.633579
0.119822 2.222261
1.895956 42.460915
1.957506 131.546417
2.244121 99.211845
0.861284 27.057430
0.866441 37.979191
0.009165 33.323132
2.833329 54.940422
1.578999 43.601322
0.434793 10.778143
1.585911 46.764915
1.816833 44.944561
3.016685 1.424222
1.157945 109.792389
1.455580 45.576900
0.293237 55.038391
1.987291 38.886482
2.914881 172.268158
1.185865 -48.397339
1.466781 42.986008
2.125653 39.764050
1.121961 41.954258
0.314213 12.873284
1.461752 66.114243
3.059503 5.180161
0.485662 40.166485
1.102827 42.442154
2.402999 34.882698
3.057933 2.476518
1.347885 27.396999
1.695569 42.344299
2.536518 27.137260
3.116225 2.516891
0.361204 11.754872
2.607804 -1.096451
2.000214 39.297703
1.891921 43.021263
2.173939 31.125534
1.410105 307.506165
0.276973 -6.308116
1.254872 41.606270
0.979325 33.984425
2.910863 13.008417
1.191230 39.588505
0.676461 27.113964
1.504271 44.348274
2.943045 10.676594
2.821744 13.010130
0.264777 -14.471328
1.886244 42.303463
1.154885 66.243423
1.935350 48.609081
2.816296 12.588775
1.108826 41.491814
2.873049 11.744808
1.426978 44.532967
2.996561 7.883757
2.012321 42.602409
0.090248 -6.544773
1.779852 45.919643
2.408597 88.499130
2.395239 68.047745
1.768016 42.432571
2.038782 40.185318
2.447178 36.941662
1.749960 50.123985
2.812011 16.155346
2.271775 33.462517
0.455204 66.563477
0.803069 33.098652
2.858908 17.111610
0.249432 9.146889
0.998790 36.410282
0.946407 40.413303
2.207593 75.018707
2.257900 36.232849
0.826326 39.229893
2.219591 38.048302
1.734662 49.313572
1.717492 44.236500
0.974556 -9.211530
2.677718 21.589394
1.125622 35.160027
1.470208 46.195484
0.360575 12.792350
1.487811 44.130028
2.658890 -66.891373
1.035727 351.345245
1.450833 33.319561
0.454310 70.117645
2.914078 9.943550
2.394253 29.100208
2.028231 53.554489
2.349448 33.114273
0.251941 15.127041
0.475910 19.220501
2.242701 40.816372
1.607246 32.245171
1.888168 -25.320066
2.276811 33.000217
2.207273 36.234886
2.364245 32.400379
1.332770 44.633671
2.184199 33.109585
0.216746 93.389687
1.443247 40.975563
2.568571 22.948975
1.590428 48.302883
1.046229 40.624161
1.293639 22.973354
2.640288 21.780899
3.085828 75.795547
2.150529 31.009455
1.645919 43.762703
2.290948 36.396496
2.488935 24.368879
0.996671 36.660866
2.865508 -40.708897
1.022693 41.338654
2.552778 88.816605
1.566614 47.122490
1.804080 33.647778
1.091328 85.266441
2.714607 13.078375
2.755043 15.634566
2.571476 26.820572
0.660802 29.099287
2.753720 27.685917
2.271951 33.542492
1.346233 44.110752
1.040246 45.411461
2.522005 46.800079
2.910991 12.145299
2.073892 48.653435
2.320437 89.808754
0.706955 -39.014893
0.993436 34.098602
3.100672 24.524096
2.357933 4.841599
1.331431 42.338173
0.099487 3.578932
1.659414 39.315159
0.388006 19.204548
0.604532 63.854790
0.469367 -81.887024
1.913038 97.117569
2.695502 18.564981
1.399195 46.271435
2.018065 75.323586
1.022985 -1.303837
0.231358 8.854164
0.352182 16.330162
1.276418 46.910839
2.843648 -2.034091
2.146618 -58.489365
3.099329 0.134514
2.667439 22.166246
2.531198 33.526413
1.671171 44.186378
1.861439 41.907330
1.145832 0.708274
1.955789 42.572247
0.359081 -8.182116
1.327978 45.375813
0.837977 -68.054260
3.061805 2.665739
0.249188 11.927550
1.089358 38.497349
1.027651 100.300087
0.552285 21.381990
1.758835 40.039215
0.701688 27.758038
2.431745 28.951391
2.442384 29.976252
2.840466 13.452117
1.549701 45.246128
1.165508 58.111500
0.742844 25.682135
2.432695 85.323868
2.604345 21.956488
1.434903 43.469326
1.197681 43.446827
0.672201 36.923492
1.154108 38.881233
1.929629 -13.351229
2.970837 10.327456
0.001276 348.130280
0.483740 19.600365
0.855630 15.310546
2.998241 5.970371
2.084229 -15.637918
0.318303 -108.441872
2.717716 -69.411156
1.172257 85.387131
2.987618 0.812305
2.732159 17.529512
2.489543 -12.111194
2.858128 101.868912
0.216861 -13.752693
2.740426 16.023540
0.281457 12.176378
0.017758 68.278267
1.827705 43.075108
0.682862 26.910931
1.594915 18.682722
2.686559 20.875341
1.147572 41.386414
0.189845 7.847350
0.137875 74.172935
1.121653 38.583221
1.101687 39.744072
1.513691 43.392414
0.583913 89.543785
2.769874 46.594398
0.230863 11.997956
1.478649 41.305836
1.143029 108.499237
2.012566 49.789940
3.098212 3.335734
0.132185 7.284476
2.022469 -74.771454
1.856376 37.348022
2.595766 28.858749
2.066696 36.349510
2.388811 30.789721
2.187434 186.240799
0.990092 39.616257
1.331766 137.620941
2.287369 33.298359
0.380174 -51.382389
1.936262 41.692219
1.738006 45.178337
1.953384 41.929733
1.402927 121.866913
2.277556 32.920982
1.407170 16.763298
0.671048 29.697369
1.236288 42.909744
1.794127 61.063469
0.174811 5.928988
1.288674 43.804672
1.880701 52.319740
0.064965 -36.107746
0.066517 3.800880
0.439690 17.968472
3.069388 2.809845
1.325964 32.977119
2.623691 19.224606
1.003317 24.125761
0.628314 28.461809
2.173076 38.492371
1.878502 33.176228
2.898955 10.573915
1.000527 35.051640
2.727338 17.981295
2.940055 50.268902
0.221435 15.889714
1.474220 50.247787
2.428170 29.632034
2.711250 20.122250
0.302607 44.481762
0.870184 39.426487
2.044718 67.173485
0.098132 -12.416082
2.542026 77.464821
2.900828 -38.539001
1.695868 41.232365
1.706357 45.844730
2.163563 10.682894
2.692130 92.076065
1.233406 147.553284
1.321426 45.669415
1.805553 42.377151
3.010261 2.932720
1.093051 47.325436
0.340618 -22.859705
1.308829 36.559464
2.155683 122.459328
2.416687 31.828159
0.655914 6.439635
0.575374 -19.182673
2.089362 38.473755
0.216487 9.331356
0.076651 -47.092682
0.060062 -28.914665
1.576976 44.644772
2.009576 38.949142
0.734398 -57.081993
0.290970 11.787646
1.830259 42.117233
1.823575 54.035713
1.318027 39.980202
0.483897 95.087944
1.885234 42.020374
2.743487 22.426620
1.699838 76.840416
0.802682 31.180109
2.352169 32.319633
3.043591 1.133867
0.118041 36.707996
2.335278 45.136547
2.451684 36.884106
0.879135 32.196320
2.633168 94.493103
2.900304 8.965008
0.792543 119.509949
0.988634 -7.387986
1.546813 115.692879
1.890776 73.319183
3.071227 1.523952
1.524633 44.125820
0.055248 0.396735
0.209609 61.822605
0.853487 62.698486
2.899393 75.801376
1.820757 42.131763
0.898966 33.372787
3.019418 75.400780
0.861978 36.029404
1.680535 -12.211825
3.068702 62.304562
2.917256 11.769770
2.696521 19.697418
1.814206 121.323204
2.098196 -4.891838
0.639000 27.982637
2.397570 30.196278
0.741156 141.667099
0.360080 13.737164
2.653753 19.587368
3.094859 -0.468885
1.556721 -21.983553
0.825231 113.337570
2.971325 46.178806
0.017180 -0.704533
1.969114 40.170971
0.480117 18.313513
1.448704 32.594303
1.109792 -51.275131
0.904579 15.791231
0.303333 14.560750
0.417602 13.006757
1.510409 112.766457
0.747502 16.772839
1.853142 26.034147
0.783726 34.338711
0.603696 21.059534
1.709406 -49.353012
0.347792 63.907089
1.269038 36.206795
3.124053 44.300995
1.056181 38.334846
0.949732 37.657326
0.795346 -118.544380
0.808859 34.765369
2.459004 24.395250
2.992958 4.470449
2.373084 53.310078
2.078786 71.099007
1.799426 45.235573
0.926262 -40.613811
0.175701 7.817114
0.175435 33.304420
1.195652 26.328281
0.628496 57.196423
0.659612 70.251610
0.593875 25.383640
1.841229 38.176994
1.701550 42.668671
2.799260 -21.051161
0.092558 58.854885
1.584805 107.409348
1.042362 0.713319
0.667943 26.790480
1.989925 41.590973
2.630821 23.781668
1.900663 44.586964
0.812570 -1.128372
2.074087 41.158535
0.741563 84.062965
2.157679 34.764679
1.960687 95.456573
0.968468 35.745747
1.823678 -2.559134
0.769565 30.010160
2.492262 28.994623
1.206099 41.243885
1.881816 42.465878
1.473182 47.463223
3.046102 4.061423
2.174414 72.971992
0.479263 -34.163742
1.300633 39.586529
2.244284 36.549183
0.656892 -4.926867
0.312692 18.058582
1.093915 38.147881
2.862554 13.683181
0.711581 28.458036
2.953818 12.345544
3.015717 5.953199
0.049174 -5.521117
0.608821 23.809277
1.979294 42.436073
0.773582 22.604855
2.528608 24.900587
2.228065 -17.633202
2.785389 20.607101
1.871428 42.525604
0.112916 -50.972603
2.809595 6.100738
0.892893 33.225296
1.682940 43.123100
1.626197 -92.395203
2.413943 34.931854
2.438955 32.722637
2.782904 64.740372
0.128011 6.201012
2.562008 -3.293154
1.612822 132.334702
2.982472 113.088074
1.102601 84.390663
1.480278 -27.610498
1.205001 43.861935
2.194008 42.812107
2.806270 -51.017677
1.640593 47.922123
3.056023 5.901175
0.607077 40.736366
1.089669 40.831211
0.081221 -0.847067
2.579640 24.650621
0.875686 6.649701
2.013496 98.776474
0.712536 23.809793
0.287102 -7.159660
0.144173 7.877870
1.683375 43.089111
0.390988 -34.704708
0.170761 8.861640
2.744023 17.941950
2.942153 9.721709
2.081306 42.378101
3.062073 7.121876
1.980767 43.780243
2.960260 8.358296
1.993913 34.737995
0.822197 26.182301
0.494411 18.761581
1.202420 -46.548222
3.050232 9.221048
2.548820 -12.216178
2.821022 13.388171
2.005368 44.549103
1.574299 47.470520
2.808853 98.277199
2.104436 37.582924
1.496258 45.626511
1.503292 77.862587
2.601150 25.739321
0.320202 33.219566
0.296057 13.005216
0.884145 36.474838
1.444982 43.856907
2.075476 34.489929
2.878217 -43.890388
0.133878 7.668772
0.973435 329.600555
2.408255 29.004965
2.083954 -13.729329
2.773668 14.430273
0.769541 31.749163
1.078455 35.296238
0.523969 20.348829
2.997260 3.277325
2.705359 18.286442
2.049797 41.679173
2.280837 -4.663933
1.397653 47.537319
2.978226 33.366306
1.794220 45.848495
2.923282 201.041733
0.601936 -11.736798
0.208579 -91.528534
2.904898 -101.992500
0.967126 38.154675
0.878109 23.898148
2.825096 11.829930
0.643989 27.856316
0.667341 29.761343
0.479279 20.619900
0.245645 11.389149
2.204075 35.513603
0.990742 -77.755371
0.159746 32.066582
1.051827 106.711418
0.250572 28.018810
0.910192 38.281956
2.763389 -32.732368
2.972641 -2.151015
1.523216 44.772587
1.591008 44.658077
3.004049 341.157745
2.076740 42.678207
2.583247 22.316334
1.669960 44.238373
2.734133 73.145348
1.642163 43.418694
2.251111 278.626709
2.924025 -21.241936
0.427175 17.972300
0.986508 -50.392582
0.021956 0.046081
2.246498 33.006241
2.712749 17.124708
0.413702 20.802906
2.653093 32.998512
1.131809 41.931725
2.087589 38.838249
2.755118 49.421753
0.907114 32.563370
0.942979 36.822113
0.860047 33.987591
2.064221 136.999878
1.662862 5.488807
0.060654 36.484550
2.190743 35.810505
0.842032 44.079361
1.057020 97.090652
2.141675 102.364395
1.810931 42.891754
0.521086 23.505186
1.255582 45.629711
0.406747 -32.198734
2.456358 27.469797
2.927728 81.963921
1.712144 42.990089
0.862118 36.722576
2.705115 18.207970
0.935706 44.450436
0.223449 60.509342
0.257658 9.869261
1.563381 44.992420
0.279833 60.242966
0.396476 16.575819
2.218828 38.088898
0.057497 0.795504
1.252189 44.794128
1.883702 42.171055
2.614862 22.780149
2.434250 31.301521
0.547727 81.597191
0.060357 2.061658
2.109395 20.126585
1.850606 11.536164
1.577979 43.597527
2.844161 -281.201660
0.075615 -16.057467
0.392638 31.186598
2.191744 37.979076
2.166910 -52.236233
1.318404 42.386353
1.017880 37.715519
0.827507 -25.188654
1.616262 39.499374
1.725422 41.486126
0.561500 25.733456
1.353359 119.889015
0.062555 -75.406166
0.721139 25.620535
1.525458 45.717758
0.999332 37.365452
1.302708 42.748634
2.633783 21.005362
0.101414 2.466057
1.366446 142.591537
2.539730 26.468273
1.570209 45.493198
1.220282 165.499451
2.640409 343.209503
2.690994 20.255333
1.490590 43.058586
1.142783 42.109783
0.203275 10.790863
2.824584 -12.452613
0.525012 69.655380
2.860272 16.090530
2.557340 19.360140
1.133921 40.527874
0.170608 9.022622
1.884130 135.695343
2.898716 10.770621
0.853594 34.322319
2.434055 -36.688728
0.737689 34.925735
0.795884 -11.154514
1.418393 46.139576
2.666862 2.022025
2.370448 29.347971
0.679957 29.761177
2.363960 88.379532
1.764406 42.670555
0.224187 -21.398916
1.000806 17.146635
0.986438 27.645149
2.254303 42.784679
1.443900 21.636515
2.934572 90.682701
2.171375 67.361931
2.859695 124.957077
3.092431 -1.125196
1.957257 102.624420
2.893304 28.892334
1.475899 46.660175
1.326895 32.676105
0.914760 34.539783
2.232801 38.246952
1.485580 44.732533
2.725770 13.274915
2.848949 10.084217
1.824768 40.237621
2.384027 29.617794
2.637802 21.558971
1.750993 42.157833
1.523081 116.838272
1.406243 -55.543400
1.829251 -41.548473
0.065284 -11.951480
2.023299 40.645622
0.923111 36.248913
2.616131 22.751362
0.599555 65.704559
2.811087 16.816397
3.028966 16.741879
2.819398 11.701589
1.659007 45.389786
2.886344 9.540495
1.724129 45.377327
2.521955 28.774042
2.415846 28.729980
0.289679 106.664459
0.771738 27.494976
1.994585 99.805397
1.833759 46.253284
2.365325 40.639393
1.942561 44.520775
2.181352 36.302036
2.678221 18.910158
0.264687 10.841356
1.978894 40.343555
0.473513 17.076303
0.615190 -37.053123
1.307764 25.464371
0.295099 13.421490
2.175474 38.287830
0.345488 22.451324
2.875949 5.286707
0.575492 18.757322
1.058932 119.630226
2.718529 21.122499
1.274993 41.891670
0.862257 37.618217
2.401227 53.249126
1.838754 102.673531
2.568020 82.276451
2.227326 33.838154
1.488475 44.359467
2.498869 -15.961471
2.629207 22.578842
2.888258 11.280097
2.681071 18.569246
0.134397 -5.914001
2.710250 16.562435
0.779044 -11.584682
1.407914 46.830807
0.056288 7.135937
0.407075 50.343468
2.689507 22.697411
1.375761 45.632576
0.182414 9.553558
1.879712 97.873634
1.176989 39.190887
1.620422 46.761730
1.519897 42.084946
1.077969 92.816483
2.630815 20.380507
1.506968 45.846027
2.321848 36.019264
2.064469 -24.594069
2.057761 48.313015
2.692656 18.122700
2.289634 35.711002
0.414026 47.657433
1.199540 110.983810
2.717047 -21.901175
0.245046 16.367422
1.885821 47.498886
1.907854 75.682884
1.740654 6.061302
0.870485 35.568634
2.126869 36.657772
1.383775 42.200676
2.137225 -19.312513
1.654151 39.550667
1.451839 42.514107
2.375786 37.103054
1.248634 75.292206
1.974952 43.866947
0.119057 33.795959
2.031005 40.806004
1.694966 53.578938
1.543790 45.372364
0.600306 69.409470
0.025778 0.273208
2.061753 -21.756483
0.954924 36.275719
2.336762 102.255699
1.852343 43.776493
2.124768 42.450554
0.015544 67.891113
2.295002 31.520662
2.031166 104.173309
1.768880 49.933941
1.639365 42.802311
2.840533 11.632427
0.643036 28.445332
2.138865 30.902874
1.912634 -4.948601
2.787246 16.579790
0.009122 83.993347
2.028793 39.351845
0.042071 -0.419006
0.090325 -31.200960
2.239970 -61.043430
1.483076 67.074211
1.716818 40.365219
1.255128 40.352631
2.848956 11.285058
0.083786 3.774967
1.151342 43.651558
0.205513 -99.245285
2.631105 116.711792
1.076540 38.170826
1.477894 48.892124
0.016232 23.063328
1.617064 44.025455
2.321435 -14.924017
2.697479 19.676123
1.655749 44.088802
2.659638 -100.458199
2.608798 15.224335
2.737383 15.833734
1.891602 44.123043
1.017954 39.810043
0.203974 16.324627
1.429693 100.501244
1.039204 -8.557852
1.079652 38.322544
2.742553 115.706963
0.784684 30.534420
0.172567 80.837891
2.620551 22.799059
1.388194 44.044666
2.486076 92.439682
2.475317 31.615313
1.685614 45.785900
0.229996 11.668185
0.475661 91.952446
0.719196 30.012573
1.201273 38.780174
2.166564 -162.010422
1.680654 46.207367
1.775818 56.785187
2.666096 21.260792
0.242921 34.215988
0.644295 116.650322
2.037796 107.735588
2.405745 -16.836624
2.546796 -2.295497
0.685750 31.520359
1.242639 42.543896
1.226925 -0.335113
2.100020 122.058578
3.034786 3.123241
1.465512 45.293369
2.093608 39.850990
2.817298 12.119818
0.556745 19.746344
2.693202 82.003174
0.753954 93.268158
2.042954 38.406853
1.498450 43.594101
2.265187 35.778740
0.704871 30.396177
0.543682 22.997898
2.121475 40.139660
0.937444 -46.654114
2.602044 24.543396
2.695861 17.778519
2.875357 11.165496
1.762380 124.159790
0.855426 31.272711
0.184357 43.919846
2.044338 -30.522726
0.714316 27.110540
2.264963 35.033386
0.847341 -6.519755
2.242684 33.744480
2.325005 32.902851
0.039235 2.271135
1.015063 124.415260
2.355039 71.919846
0.346314 16.616417
1.056703 38.102478
1.322354 41.264927
2.650949 20.188148
2.946949 9.862296
0.150831 69.322327
2.568151 86.674744
0.510743 23.352207
2.598496 23.459953
2.051028 -26.136852
0.688024 22.750982
3.045000 6.992932
0.866482 34.561050
0.243459 9.198895
2.797351 17.256748
0.849105 33.471268
1.656034 45.705013
2.219225 35.501831
0.099033 24.600563
1.585869 1.979293
0.016554 -0.951268
2.536527 23.351898
2.334085 123.172707
2.984281 -262.373688
1.750524 45.916225
2.716574 -66.587959
2.799330 13.893664
1.694048 48.826008
2.499639 -16.886051
1.703750 43.275219
0.335371 15.574112
0.462687 25.050783
1.584546 45.765842
0.183040 9.745997
2.672768 21.949356
1.772606 45.238701
1.034760 33.447540
1.698903 45.599316
1.055089 85.378204
2.789258 13.461005
2.839328 -16.640781
2.840874 -17.699657
2.344496 32.234123
2.361774 31.059515
1.099236 40.111858
2.605023 21.453890
1.742893 42.956184
2.448012 23.910406
1.576328 44.563293
0.132604 -32.579494
0.805000 32.244225
0.140794 6.309981
1.326530 43.513233
2.166241 -2.951454
0.721873 27.799019
2.428014 318.515717
1.754629 42.342411
0.123722 2.850583
1.011235 39.818775
1.016879 37.620956
3.011322 4.289655
1.513126 44.588982
2.661142 61.691521
2.071193 34.009922
1.327563 49.994167
1.188360 -16.478521
1.267940 72.716423
2.554298 152.952133
1.671934 16.470440
1.007745 76.729218
2.008941 -0.013262
1.084539 37.598591
1.910118 99.841614
0.219944 -53.338631
1.551067 119.204781
2.951156 8.668015
2.969827 89.441841
0.726267 28.789688
2.986258 8.899113
2.442766 26.937389
1.765326 -4.423316
2.241733 34.794857
0.454409 61.255981
2.090706 -6.274455
1.705571 45.428768
0.786332 -7.830551
1.198721 39.618725
1.080590 -107.734451
0.605333 26.621496
1.861148 -40.429111
1.298134 61.485886
1.883828 41.495953
2.240061 35.315742
2.113027 7.827106
0.222850 -21.727316
2.435230 29.607424
1.333213 70.229050
1.636346 14.707513
0.204010 37.166130
2.207312 35.720707
0.820808 33.928520
1.300174 8.849419
2.408912 -30.883717
1.478193 45.093288
1.338360 40.258846
1.244159 41.810474
0.309846 126.381767
3.022504 15.086689
2.562212 -31.969006
0.283798 10.553588
2.091030 40.192516
2.181376 35.337780
1.584832 60.588757
1.508318 46.955227
2.993336 6.184434
1.592731 46.723904
1.088418 41.490986
2.396300 28.562479
2.382524 28.959450
2.013617 40.282528
0.146912 8.188562
2.115703 40.238644
0.599210 99.420395
2.565015 78.271774
2.354275 30.847788
0.541060 24.096170
2.489486 24.746218
0.437924 15.740962
0.672924 26.821165
2.391384 30.226692
1.820568 41.483070
0.615849 25.302549
3.090547 5.989332
0.771138 32.601448
2.696244 21.928961
0.366008 16.391031
0.128091 66.721176
0.305319 14.631654
1.689699 2.347555
2.523358 14.687744
2.354603 25.398520
0.005666 -12.147291
1.434697 44.100925
2.312052 30.634968
2.684848 19.821463
1.113076 38.408051
0.949468 37.629524
0.046413 6.126001
0.094573 2.417791
2.910900 9.077307
1.282124 40.612587
0.218769 -4.499339
0.584474 22.785215
3.051444 4.731596
1.097522 112.704788
3.006558 9.724987
2.189939 36.703892
1.663920 109.834053
0.817672 32.947136
1.276430 -33.665989
0.223271 8.482717
0.567895 29.765165
0.744008 45.211380
1.017607 24.462721
2.690199 -64.505112
3.032451 -36.669514
0.455932 97.604156
1.222752 44.931602
2.230109 37.863743
1.055764 78.210716
0.474008 19.038189
0.633472 115.466568
2.869424 12.854505
0.224751 8.025917
2.380142 33.825485
0.720988 88.739014
2.541326 24.738119
0.813742 -7.435894
1.545935 49.022305
0.893652 115.818642
0.733132 32.692341
0.009788 11.288200
0.671633 -16.208998
2.855182 92.778442
2.687045 23.215801
2.808090 43.767395
3.036600 3.920116
0.618006 35.373051
1.505595 21.340536
1.278863 78.465584
0.997281 -48.315643
1.303407 45.912552
1.969033 49.987713
3.103416 -1.566215
2.500032 55.709209
2.465153 31.066332
0.257895 11.813586
3.063854 2.813513
0.521063 43.235542
1.429362 47.219444
0.628886 13.457816
1.518894 2.932863
2.367026 33.281631
0.086744 39.176559
0.676223 27.144794
0.700755 27.382599
3.103760 147.977661
1.508646 45.962139
1.423735 45.484230
1.576193 20.838577
0.465167 -19.741402
1.284498 41.264198
1.248100 42.574921
2.827904 40.953560
2.444905 27.335669
2.035889 103.321739
1.259308 43.282913
2.169554 38.050827
1.779437 64.276428
1.042555 33.956032
0.309661 10.094637
2.253056 35.364586
1.182968 75.067314
3.095000 1.307415
2.358841 31.175137
2.212425 34.911980
1.168695 38.433922
2.464823 71.901794
2.163933 35.842941
1.504687 131.521454
0.436223 15.515585
1.518913 46.594849
2.428974 29.012959
1.745537 43.797943
2.275434 -35.994553
2.099625 38.844116
2.524481 66.642654
1.474341 48.030773
2.548834 25.062460
1.355613 101.308914
1.326256 44.185539
2.570787 24.110601
2.358493 -41.729198
1.860138 58.202652
2.707853 79.093063
0.898495 32.077408
2.621112 22.420219
2.966616 -1.461885
0.262138 -50.611523
0.067562 -16.086033
1.650067 48.255276
2.288413 34.186863
2.654791 10.308238
1.162820 68.996208
0.919144 37.318226
2.267077 37.459492
0.574516 -50.436768
0.939383 33.691895
2.472568 26.881521
1.527609 44.857742
1.085301 38.493771
2.738900 77.626747
1.858288 42.978703
1.555135 32.689548
0.097140 5.119701
2.821896 -39.922344
0.125014 99.129539
1.213295 41.898502
1.322347 13.112374
0.973240 38.262917
1.470356 49.610897
2.161119 55.363262
2.317416 33.274323
1.951293 -38.398422
0.924554 38.078259
1.432336 44.757538
2.530346 24.326309
2.117008 6.243687
1.389548 48.334885
1.147619 39.266026
0.985069 40.941704
0.763161 31.814646
1.293416 48.197533
1.861435 43.897480
2.197950 -262.280487
2.197942 36.593380
1.432965 44.726318
0.570800 12.107108
0.151836 15.450785
0.930809 30.307575
1.624484 18.063770
0.083065 -55.686363
2.891947 33.844444
0.227435 6.792411
0.126435 4.252179
2.184886 58.554726
2.682559 24.103643
0.604805 27.826216
1.803480 -1.871216
3.089074 0.138144
1.530674 -27.494434
2.323605 -53.765049
1.569609 47.646816
1.081044 36.576195
0.712157 30.904467
1.131459 40.924656
1.780016 50.183571
0.956333 70.066788
0.445685 18.540182
0.182786 8.452320
0.836328 13.348032
2.829795 15.497748
0.173688 7.617845
1.131158 54.445301
0.605214 24.493435
1.974741 -2.146921
3.120736 118.818771
1.717314 61.839695
2.858771 70.004395
0.840102 78.134003
2.031172 39.658573
0.653906 -43.129215
2.183848 75.231071
1.858613 46.185223
1.928614 42.396305
1.934307 41.900204
0.852583 74.010017
2.075802 39.326859
0.755661 -24.106148
2.069736 41.252285
1.443936 -17.603146
0.588793 23.680603
0.523076 -19.710882
0.460522 23.879852
2.255417 1.304691
0.906777 35.765186
1.280444 39.209480
2.777635 -8.619038
1.644249 38.851269
0.996318 38.298534
1.445142 46.714943
0.231411 22.290976
2.806810 91.765076
1.069114 37.782467
0.673540 29.092087
0.824698 -52.768272
2.592139 22.819393
1.575538 45.496391
0.293276 10.205487
2.953825 9.412857
2.573063 49.683697
1.250216 40.258083
2.246299 34.370426
2.875143 9.779875
1.097403 39.330574
0.017048 110.896667
1.811186 46.082272
0.111010 -9.452598
2.229086 33.488056
2.131393 65.203094
2.729971 32.576252
0.026819 1.383141
1.330931 43.648899
2.675072 26.569511
0.914087 6.852575
